1768
1763
1758
1764
1758
1765
1756
1757
1757
1757
1764
1755
1758
1747
1746
1737
1742
1731
1737
1735
1730
1736
1744
1748
1737
1731
1754
1747
1751
1757
1749
1747
1757
1745
1746
1754
1752
1757
1754
1754
1748
1746
1753
1756
1758
1750
1743
1747
1750
1747
1755
1752
1748
1747
1747
1750
1744
1757
1744
1738
1735
1737
1741
1741
1740
1742
1722
1721
1714
1711
1711
1703
1722
1716
1698
1709
1723
1731
1735
1732
1729
1737
1740
1739
1743
1743
1754
1744
1752
1750
1757
1758
1756
1750
1754
1762
1750
1752
1757
1750
1759
1766
1762
1759
1759
1761
1747
1756
1758
1756
1750
1770
1761
1759
1763
1765
1754
1762
1761
1757
1760
1766
1763
1756
1751
1759
1752
1759
1757
1762
1762
1748
1755
1744
1746
1752
1746
1751
1757
1740
1748
1738
1726
1735
1735
1731
1736
1742
1734
1745
1741
1743
1749
1740
1734
1743
1746
1754
1750
1742
1748
1747
1746
1761
1753
1740
1736
1736
1747
1745
1754
1742
1749
1749
1753
1741
1746
1739
1738
1752
1740
1742
1741
1740
1737
1740
1744
1743
1742
1741
1741
1739
1736
1745
1743
1739
1746
1747
1749
1745
1750
1746
1751
1739
1746
1750
1756
1751
1750
1752
1744
1747
1760
1750
1744
1750
1746
1746
1757
1748
1749
1753
1757
1751
1745
1745
1751
1754
1751
1748
1737
1739
1748
1756
1754
1754
1752
1745
1746
1747
1753
1743
1749
1747
1750
1748
1748
1739
1739
1734
1714
1707
1689
1679
1677
1677
1677
1683
1681
1681
1674
1683
1688
1692
1687
1684
1693
1699
1703
1706
1712
1714
1712
1718
1709
1710
1717
1714
1708
1719
1715
1716
1719
1713
1711
1710
1721
1718
1706
1704
1711
1709
1709
1713
1699
1692
1690
1703
1703
1692
1703
1706
1684
1697
1708
1703
1714
1707
1715
1717
1711
1716
1712
1722
1708
1722
1703
1736
1721
1718
1704
1712
1702
1698
1694
1693
1694
1705
1709
1696
1694
1700
1696
1705
1708
1693
1701
1685
1708
1701
1715
1711
1712
1709
1705
1720
1724
1716
1725
1727
1719
1731
1730
1723
1736
1736
1741
1738
1741
1740
1743
1750
1749
1735
1741
1747
1749
1741
1731
1736
1736
1745
1740
1735
1740
1741
1749
1747
1734
1740
1740
1742
1734
1742
1743
1744
1735
1741
1741
1742
1745
1740
1740
1732
1751
1748
1743
1739
1748
1747
1749
1756
1752
1750
1746
1749
1750
1752
1751
1747
1754
1748
1749
1747
1748
1753
1752
1754
1747
1750
1749
1757
1753
1752
1745
1747
1750
1747
1760
1757
1757
1748
1752
1744
1749
1747
1745
1739
1725
1713
1682
1665
1620
1592
1562
1532
1510
1487
1473
1488
1506
1524
1544
1548
1566
1573
1603
1614
1612
1633
1650
1662
1669
1666
1679
1679
1702
1700
1707
1703
1704
1712
1726
1725
1728
1730
1720
1728
1733
1744
1743
1742
1751
1740
1740
1746
1752
1750
1749
1753
1753
1750
1762
1757
1759
1759
1755
1761
1765
1757
1767
1754
1761
1756
1766
1766
1761
1755
1761
1762
1763
1758
1749
1741
1737
1765
1756
1751
1742
1734
1738
1740
1752
1740
1743
1742
1739
1734
1736
1742
1741
1742
1734
1736
1742
1742
1738
1733
1738
1731
1740
1737
1739
1735
1738
1737
1736
1742
1735
1738
1748
1744
1747
1747
1750
1751
1759
1754
1758
1750
1752
1743
1748
1745
1738
1748
1751
1743
1740
1743
1743
1741
1750
1749
1749
1749
1750
1727
1742
1755
1750
1751
1750
1759
1759
1767
1758
1746
1750
1748
1747
1758
1751
1754
1763
1759
1757
1755
1754
1748
1745
1761
1761
1764
1763
1757
1768
1754
1764
1758
1759
1755
1755
1755
1759
1764
1757
1755
1745
1745
1758
1760
1759
1753
1748
1751
1755
1754
1756
1758
1751
1743
1747
1745
1756
1762
1760
1752
1749
1746
1750
1752
1755
1748
1748
1748
1733
1742
1722
1713
1718
1697
1696
1686
1683
1701
1700
1706
1704
1688
1694
1711
1705
1707
1706
1699
1713
1717
1713
1718
1709
1714
1704
1711
1707
1713
1721
1723
1713
1713
1720
1712
1715
1723
1715
1704
1712
1710
1719
1718
1714
1723
1712
1721
1725
1720
1724
1726
1721
1710
1722
1733
1729
1722
1712
1718
1711
1727
1735
1717
1728
1725
1716
1724
1731
1721
1716
1719
1721
1726
1719
1714
1718
1717
1717
1718
1713
1715
1713
1714
1711
1717
1713
1709
1715
1723
1707
1717
1720
1722
1727
1721
1725
1733
1731
1729
1728
1715
1724
1736
1724
1731
1721
1717
1723
1724
1724
1727
1733
1725
1721
1725
1716
1712
1727
1730
1727
1731
1732
1718
1724
1731
1726
1736
1726
1726
1717
1720
1721
1724
1714
1715
1709
1705
1703
1710
1717
1710
1723
1714
1724
1730
1727
1731
1728
1733
1722
1729
1739
1742
1741
1732
1720
1722
1736
1746
1740
1747
1743
1742
1744
1737
1733
1754
1758
1757
1745
1741
1744
1739
1745
1742
1743
1747
1743
1733
1744
1746
1747
1750
1733
1747
1740
1742
1752
1741
1746
1742
1736
1748
1748
1751
1754
1744
1745
1747
1747
1746
1750
1748
1749
1757
1748
1750
1750
1734
1743
1747
1749
1743
1737
1734
1732
1749
1751
1749
1739
1745
1750
1746
1749
1747
1748
1736
1750
1740
1751
1748
1755
1750
1748
1751
1757
1752
1738
